2.729444872384534371e-02
9.910322199711467661e-01
3.095640191396602514e-01
6.180092709178303112e-01
6.009241333446714295e-01
1.210318454595893378e-01
9.783660998609908788e-01
7.623605353491056391e-01
8.968266681240915084e-01
1.487900905638175342e-01
8.052292750234362195e-01
7.366720360503117293e-01
9.938796434157731730e-01
5.750165657838560707e-01
2.672195758504020136e-01
5.423036456131976601e-01
5.531379649554208910e-01
9.450359108545256515e-01
7.797257377452108118e-01
6.358042492656201805e-01
6.409755070765349450e-01
3.566349734302085572e-01
7.147751511598809948e-02
4.501150922018692935e-01
7.961181179763165972e-02
