5.6137 6.11963 6.4711 5.37674 6.40539 4.56058 7.00639 5.46028 5.85388 4.52416 5.94832 5.73742 6.5614 5.6096 6.06705 6.25461 5.55863 6.06677 6.75967 5.09275 6.29876 5.34639 6.1587 5.69609 5.11522 
4.10504 4.89777 4.79316 3.98142 4.93603 3.18821 4.99308 4.27046 4.46191 3.66444 4.57593 4.02668 5.46532 4.17894 4.27405 4.36534 4.21218 4.53619 5.06549 3.96687 4.43632 4.25759 4.54261 4.65343 4.0855 
4.21735 5.61362 5.37065 4.7231 5.49967 3.74368 5.44495 4.59569 5.95864 4.63186 5.46041 4.67918 5.51338 4.92599 5.76057 5.41508 5.11754 4.71802 5.91656 5.24071 5.93071 4.79766 5.6379 5.0268 4.58999 
4.30303 5.27702 5.5311 5.27787 4.2224 3.93936 5.7983 5.09984 5.31454 4.60337 5.07779 4.89767 5.50269 5.16057 5.23202 5.33168 4.99449 4.96005 6.35724 4.9215 5.25275 4.9403 5.23833 4.68539 4.67257 
5.53542 5.90445 6.05039 5.33132 6.2926 4.66027 6.89893 5.3096 6.21142 4.76251 5.70783 5.16168 6.45217 5.64817 6.26401 6.04353 5.39014 5.67137 6.8294 4.9084 6.66903 5.52697 6.57785 5.68421 5.29007 
4.40066 6.14534 5.13932 5.26927 5.67797 3.27468 6.12751 4.71334 5.08833 4.68135 5.43916 5.16707 6.05067 5.25237 5.20372 5.29923 4.66773 5.07352 6.40316 4.67418 6.13909 5.2311 5.70613 5.25749 4.79617 
6.14285 6.68099 7.18534 5.80959 6.35445 4.74711 6.49258 5.89982 6.61487 5.96269 6.74153 5.47512 6.74592 6.10723 6.04186 6.15075 6.02521 6.11062 7.70204 5.85345 6.59606 6.40174 6.27322 6.37065 6.07072 
4.6335 5.63885 5.67469 4.4964 5.30028 4.11639 5.53696 4.82057 5.6108 4.80363 5.26203 4.07408 5.73823 5.13573 5.31346 5.04197 4.85044 5.09046 6.09712 4.7365 5.85813 4.64354 5.42113 5.50128 4.77522 
4.51601 5.46012 5.62967 4.86021 4.98699 3.34119 6.16537 4.87917 5.34558 4.80785 5.23783 4.83351 5.37814 4.63688 5.6931 5.39376 5.05024 4.77588 5.7085 4.83571 5.74124 5.05323 5.552 4.55745 4.93004 
5.0639 6.09522 5.5349 4.93933 5.72864 4.24324 5.37805 5.18254 5.4969 4.52377 5.72785 4.45923 5.72009 5.20793 4.88371 4.93571 5.16024 5.0319 6.55712 4.96003 5.83646 5.08597 5.59171 5.76185 4.75834 
